3.629815936088562012e+01
2.262105464935302734e+01
6.738502264022827148e+00
2.201806974411010742e+01
2.623157787322998047e+01
1.639945936203002930e+01
1.432701134681701660e+01
4.190131926536560059e+01
1.810994672775268555e+01
1.005298376083374023e+01
3.421224570274353027e+01
2.379828023910522461e+01
9.270863294601440430e+00
2.514375376701354980e+01
1.409186530113220215e+01
2.923526239395141602e+01
9.224961042404174805e+00
2.185147142410278320e+01
2.123527789115905762e+01
3.472615456581115723e+01
